,index,Alignment_Factor,Alignment,predicted_Alignment
0,0,"['', '        ""The climate-related scenarios and associated time horizon(s) considered"": true,', '        ""The potential impact of climate-related issues on financial performance (e.g., revenues, costs) and financial position (e.g., assets, liabilities)"": false,', '        ""How their strategies might change to address such potential risks and opportunities"": false,', '        ""Where they believe their strategies may be affected by climate-related risks and opportunities"": false,', '        ""Transparency in Strategy Testing and Outcomes"": false,', '        ""Strategic Resilience Testing vs. Impact Assessment"": false,', '        ""Preliminary or pilot scenario analysis"": false,', '        ""Comprehensive coverage of business areas and portfolio-specific risks"": false,', '        ""Exclusion of customer-specific transition plans"": false,', '        ""Progression from Qualitative to Quantitative Analysis"": false,', '        ""Sector-Specific Analysis Without Organization-Wide Application"": false,', '        ""Collaborative Scenario Development and Operational Risk Application"": false']",Partial Aligned,Not Aligned
1,1,"['', '        ""The climate-related scenarios and associated time horizon(s) considered"": false,', '        ""The potential impact of climate-related issues on financial performance (e.g., revenues, costs) and financial position (e.g., assets, liabilities)"": true,', '        ""How their strategies might change to address such potential risks and opportunities"": true,', '        ""Where they believe their strategies may be affected by climate-related risks and opportunities"": false,', '        ""Transparency in Strategy Testing and Outcomes"": false,', '        ""Strategic Resilience Testing vs. Impact Assessment"": false,', '        ""Preliminary or pilot scenario analysis"": false,', '        ""Comprehensive coverage of business areas and portfolio-specific risks"": false,', '        ""Exclusion of customer-specific transition plans"": true,', '        ""Progression from Qualitative to Quantitative Analysis"": false,', '        ""Sector-Specific Analysis Without Organization-Wide Application"": false,', '        ""Collaborative Scenario Development and Operational Risk Application"": false']",Unclear,Aligned
2,2,"['', '        ""The climate-related scenarios and associated time horizon(s) considered"": true,', '        ""The potential impact of climate-related issues on financial performance (e.g., revenues, costs) and financial position (e.g., assets, liabilities)"": false,', '        ""How their strategies might change to address such potential risks and opportunities"": false,', '        ""Where they believe their strategies may be affected by climate-related risks and opportunities"": false,', '        ""Transparency in Strategy Testing and Outcomes"": false,', '        ""Strategic Resilience Testing vs. Impact Assessment"": false,', '        ""Preliminary or pilot scenario analysis"": false,', '        ""Comprehensive coverage of business areas and portfolio-specific risks"": false,', '        ""Exclusion of customer-specific transition plans"": false,', '        ""Progression from Qualitative to Quantitative Analysis"": false,', '        ""Sector-Specific Analysis Without Organization-Wide Application"": false,', '        ""Collaborative Scenario Development and Operational Risk Application"": false']",Unclear,Not Aligned
3,3,"['', '        ""The climate-related scenarios and associated time horizon(s) considered"": true,', '        ""The potential impact of climate-related issues on financial performance (e.g., revenues, costs) and financial position (e.g., assets, liabilities)"": true,', '        ""How their strategies might change to address such potential risks and opportunities"": false,', '        ""Where they believe their strategies may be affected by climate-related risks and opportunities"": false,', '        ""Transparency in Strategy Testing and Outcomes"": false,', '        ""Strategic Resilience Testing vs. Impact Assessment"": false,', '        ""Preliminary or pilot scenario analysis"": false,', '        ""Comprehensive coverage of business areas and portfolio-specific risks"": false,', '        ""Exclusion of customer-specific transition plans"": false,', '        ""Progression from Qualitative to Quantitative Analysis"": false,', '        ""Sector-Specific Analysis Without Organization-Wide Application"": false,', '        ""Collaborative Scenario Development and Operational Risk Application"": false']",Unclear,Unclear
4,4,"['', '        ""The climate-related scenarios and associated time horizon(s) considered"": true,', '        ""The potential impact of climate-related issues on financial performance (e.g., revenues, costs) and financial position (e.g., assets, liabilities)"": true,', '        ""How their strategies might change to address such potential risks and opportunities"": true,', '        ""Where they believe their strategies may be affected by climate-related risks and opportunities"": false,', '        ""Transparency in Strategy Testing and Outcomes"": false,', '        ""Strategic Resilience Testing vs. Impact Assessment"": false,', '        ""Preliminary or pilot scenario analysis"": false,', '        ""Comprehensive coverage of business areas and portfolio-specific risks"": false,', '        ""Exclusion of customer-specific transition plans"": false,', '        ""Progression from Qualitative to Quantitative Analysis"": false,', '        ""Sector-Specific Analysis Without Organization-Wide Application"": false,', '        ""Collaborative Scenario Development and Operational Risk Application"": false']",Unclear,Aligned
5,5,"['', '        ""The climate-related scenarios and associated time horizon(s) considered"": true,', '        ""The potential impact of climate-related issues on financial performance (e.g., revenues, costs) and financial position (e.g., assets, liabilities)"": false,', '        ""How their strategies might change to address such potential risks and opportunities"": false,', '        ""Where they believe their strategies may be affected by climate-related risks and opportunities"": false,', '        ""Transparency in Strategy Testing and Outcomes"": false,', '        ""Strategic Resilience Testing vs. Impact Assessment"": false,', '        ""Preliminary or pilot scenario analysis"": false,', '        ""Comprehensive coverage of business areas and portfolio-specific risks"": false,', '        ""Exclusion of customer-specific transition plans"": false,', '        ""Progression from Qualitative to Quantitative Analysis"": false,', '        ""Sector-Specific Analysis Without Organization-Wide Application"": false,', '        ""Collaborative Scenario Development and Operational Risk Application"": false']",Partial Aligned,Not Aligned
6,6,"['', '        ""The climate-related scenarios and associated time horizon(s) considered"": false,', '        ""The potential impact of climate-related issues on financial performance (e.g., revenues, costs) and financial position (e.g., assets, liabilities)"": false,', '        ""How their strategies might change to address such potential risks and opportunities"": false,', '        ""Where they believe their strategies may be affected by climate-related risks and opportunities"": false,', '        ""Transparency in Strategy Testing and Outcomes"": false,', '        ""Strategic Resilience Testing vs. Impact Assessment"": false,', '        ""Preliminary or pilot scenario analysis"": false,', '        ""Comprehensive coverage of business areas and portfolio-specific risks"": false,', '        ""Exclusion of customer-specific transition plans"": false,', '        ""Progression from Qualitative to Quantitative Analysis"": false,', '        ""Sector-Specific Analysis Without Organization-Wide Application"": false,', '        ""Collaborative Scenario Development and Operational Risk Application"": false']",Unclear,Not Aligned
7,7,"['', '        ""The climate-related scenarios and associated time horizon(s) considered"": false,', '        ""The potential impact of climate-related issues on financial performance (e.g., revenues, costs) and financial position (e.g., assets, liabilities)"": false,', '        ""How their strategies might change to address such potential risks and opportunities"": false,', '        ""Where they believe their strategies may be affected by climate-related risks and opportunities"": false,', '        ""Transparency in Strategy Testing and Outcomes"": false,', '        ""Strategic Resilience Testing vs. Impact Assessment"": false,', '        ""Preliminary or pilot scenario analysis"": false,', '        ""Comprehensive coverage of business areas and portfolio-specific risks"": false,', '        ""Exclusion of customer-specific transition plans"": false,', '        ""Progression from Qualitative to Quantitative Analysis"": true,', '        ""Sector-Specific Analysis Without Organization-Wide Application"": false,', '        ""Collaborative Scenario Development and Operational Risk Application"": false']",Unclear,Not Aligned
8,8,"['', '        ""The climate-related scenarios and associated time horizon(s) considered"": false,', '        ""The potential impact of climate-related issues on financial performance (e.g., revenues, costs) and financial position (e.g., assets, liabilities)"": true,', '        ""How their strategies might change to address such potential risks and opportunities"": false,', '        ""Where they believe their strategies may be affected by climate-related risks and opportunities"": false,', '        ""Transparency in Strategy Testing and Outcomes"": false,', '        ""Strategic Resilience Testing vs. Impact Assessment"": false,', '        ""Preliminary or pilot scenario analysis"": true,', '        ""Comprehensive coverage of business areas and portfolio-specific risks"": false,', '        ""Exclusion of customer-specific transition plans"": false,', '        ""Progression from Qualitative to Quantitative Analysis"": false,', '        ""Sector-Specific Analysis Without Organization-Wide Application"": true,', '        ""Collaborative Scenario Development and Operational Risk Application"": false']",Partial Aligned,Aligned
9,9,"['', '        ""The climate-related scenarios and associated time horizon(s) considered"": true,', '        ""The potential impact of climate-related issues on financial performance (e.g., revenues, costs) and financial position (e.g., assets, liabilities)"": true,', '        ""How their strategies might change to address such potential risks and opportunities"": false,', '        ""Where they believe their strategies may be affected by climate-related risks and opportunities"": false,', '        ""Transparency in Strategy Testing and Outcomes"": false,', '        ""Strategic Resilience Testing vs. Impact Assessment"": false,', '        ""Preliminary or pilot scenario analysis"": true,', '        ""Comprehensive coverage of business areas and portfolio-specific risks"": false,', '        ""Exclusion of customer-specific transition plans"": false,', '        ""Progression from Qualitative to Quantitative Analysis"": true,', '        ""Sector-Specific Analysis Without Organization-Wide Application"": false,', '        ""Collaborative Scenario Development and Operational Risk Application"": false']",Unclear,Aligned
10,10,"['', '        ""The climate-related scenarios and associated time horizon(s) considered"": true,', '        ""The potential impact of climate-related issues on financial performance (e.g., revenues, costs) and financial position (e.g., assets, liabilities)"": true,', '        ""How their strategies might change to address such potential risks and opportunities"": false,', '        ""Where they believe their strategies may be affected by climate-related risks and opportunities"": false,', '        ""Transparency in Strategy Testing and Outcomes"": false,', '        ""Strategic Resilience Testing vs. Impact Assessment"": false,', '        ""Preliminary or pilot scenario analysis"": false,', '        ""Comprehensive coverage of business areas and portfolio-specific risks"": false,', '        ""Exclusion of customer-specific transition plans"": false,', '        ""Progression from Qualitative to Quantitative Analysis"": false,', '        ""Sector-Specific Analysis Without Organization-Wide Application"": false,', '        ""Collaborative Scenario Development and Operational Risk Application"": false']",Unclear,Unclear
11,11,"['', '        ""The climate-related scenarios and associated time horizon(s) considered"": true,', '        ""The potential impact of climate-related issues on financial performance (e.g., revenues, costs) and financial position (e.g., assets, liabilities)"": true,', '        ""How their strategies might change to address such potential risks and opportunities"": false,', '        ""Where they believe their strategies may be affected by climate-related risks and opportunities"": false,', '        ""Transparency in Strategy Testing and Outcomes"": false,', '        ""Strategic Resilience Testing vs. Impact Assessment"": false,', '        ""Preliminary or pilot scenario analysis"": false,', '        ""Comprehensive coverage of business areas and portfolio-specific risks"": false,', '        ""Exclusion of customer-specific transition plans"": false,', '        ""Progression from Qualitative to Quantitative Analysis"": false,', '        ""Sector-Specific Analysis Without Organization-Wide Application"": false,', '        ""Collaborative Scenario Development and Operational Risk Application"": false']",Unclear,Unclear
12,12,"['', '        ""The climate-related scenarios and associated time horizon(s) considered"": true,', '        ""The potential impact of climate-related issues on financial performance (e.g., revenues, costs) and financial position (e.g., assets, liabilities)"": true,', '        ""How their strategies might change to address such potential risks and opportunities"": false,', '        ""Where they believe their strategies may be affected by climate-related risks and opportunities"": false,', '        ""Transparency in Strategy Testing and Outcomes"": false,', '        ""Strategic Resilience Testing vs. Impact Assessment"": false,', '        ""Preliminary or pilot scenario analysis"": false,', '        ""Comprehensive coverage of business areas and portfolio-specific risks"": false,', '        ""Exclusion of customer-specific transition plans"": false,', '        ""Progression from Qualitative to Quantitative Analysis"": false,', '        ""Sector-Specific Analysis Without Organization-Wide Application"": false,', '        ""Collaborative Scenario Development and Operational Risk Application"": false']",Unclear,Unclear
13,13,"['', '        ""The climate-related scenarios and associated time horizon(s) considered"": true,', '        ""The potential impact of climate-related issues on financial performance (e.g., revenues, costs) and financial position (e.g., assets, liabilities)"": false,', '        ""How their strategies might change to address such potential risks and opportunities"": false,', '        ""Where they believe their strategies may be affected by climate-related risks and opportunities"": false,', '        ""Transparency in Strategy Testing and Outcomes"": false,', '        ""Strategic Resilience Testing vs. Impact Assessment"": false,', '        ""Preliminary or pilot scenario analysis"": false,', '        ""Comprehensive coverage of business areas and portfolio-specific risks"": false,', '        ""Exclusion of customer-specific transition plans"": false,', '        ""Progression from Qualitative to Quantitative Analysis"": false,', '        ""Sector-Specific Analysis Without Organization-Wide Application"": false,', '        ""Collaborative Scenario Development and Operational Risk Application"": false']",Unclear,Not Aligned
14,14,"['', '        ""The climate-related scenarios and associated time horizon(s) considered"": false,', '        ""The potential impact of climate-related issues on financial performance (e.g., revenues, costs) and financial position (e.g., assets, liabilities)"": true,', '        ""How their strategies might change to address such potential risks and opportunities"": false,', '        ""Where they believe their strategies may be affected by climate-related risks and opportunities"": false,', '        ""Transparency in Strategy Testing and Outcomes"": false,', '        ""Strategic Resilience Testing vs. Impact Assessment"": false,', '        ""Preliminary or pilot scenario analysis"": true,', '        ""Comprehensive coverage of business areas and portfolio-specific risks"": false,', '        ""Exclusion of customer-specific transition plans"": true,', '        ""Progression from Qualitative to Quantitative Analysis"": false,', '        ""Sector-Specific Analysis Without Organization-Wide Application"": true,', '        ""Collaborative Scenario Development and Operational Risk Application"": false']",Partial Aligned,Aligned
15,15,"['', '        ""The climate-related scenarios and associated time horizon(s) considered"": false,', '        ""The potential impact of climate-related issues on financial performance (e.g., revenues, costs) and financial position (e.g., assets, liabilities)"": true,', '        ""How their strategies might change to address such potential risks and opportunities"": false,', '        ""Where they believe their strategies may be affected by climate-related risks and opportunities"": false,', '        ""Transparency in Strategy Testing and Outcomes"": false,', '        ""Strategic Resilience Testing vs. Impact Assessment"": false,', '        ""Preliminary or pilot scenario analysis"": false,', '        ""Comprehensive coverage of business areas and portfolio-specific risks"": false,', '        ""Exclusion of customer-specific transition plans"": true,', '        ""Progression from Qualitative to Quantitative Analysis"": false,', '        ""Sector-Specific Analysis Without Organization-Wide Application"": true,', '        ""Collaborative Scenario Development and Operational Risk Application"": false']",Unclear,Aligned
16,16,"['', '        ""The climate-related scenarios and associated time horizon(s) considered"": true,', '        ""The potential impact of climate-related issues on financial performance (e.g., revenues, costs) and financial position (e.g., assets, liabilities)"": true,', '        ""How their strategies might change to address such potential risks and opportunities"": false,', '        ""Where they believe their strategies may be affected by climate-related risks and opportunities"": false,', '        ""Transparency in Strategy Testing and Outcomes"": false,', '        ""Strategic Resilience Testing vs. Impact Assessment"": false,', '        ""Preliminary or pilot scenario analysis"": false,', '        ""Comprehensive coverage of business areas and portfolio-specific risks"": false,', '        ""Exclusion of customer-specific transition plans"": false,', '        ""Progression from Qualitative to Quantitative Analysis"": false,', '        ""Sector-Specific Analysis Without Organization-Wide Application"": false,', '        ""Collaborative Scenario Development and Operational Risk Application"": false']",Partial Aligned,Unclear
17,17,"['', '        ""The climate-related scenarios and associated time horizon(s) considered"": true,', '        ""The potential impact of climate-related issues on financial performance (e.g., revenues, costs) and financial position (e.g., assets, liabilities)"": true,', '        ""How their strategies might change to address such potential risks and opportunities"": false,', '        ""Where they believe their strategies may be affected by climate-related risks and opportunities"": false,', '        ""Transparency in Strategy Testing and Outcomes"": false,', '        ""Strategic Resilience Testing vs. Impact Assessment"": false,', '        ""Preliminary or pilot scenario analysis"": false,', '        ""Comprehensive coverage of business areas and portfolio-specific risks"": false,', '        ""Exclusion of customer-specific transition plans"": false,', '        ""Progression from Qualitative to Quantitative Analysis"": false,', '        ""Sector-Specific Analysis Without Organization-Wide Application"": false,', '        ""Collaborative Scenario Development and Operational Risk Application"": false']",Partial Aligned,Unclear
18,18,"['', '        ""The climate-related scenarios and associated time horizon(s) considered"": false,', '        ""The potential impact of climate-related issues on financial performance (e.g., revenues, costs) and financial position (e.g., assets, liabilities)"": true,', '        ""How their strategies might change to address such potential risks and opportunities"": false,', '        ""Where they believe their strategies may be affected by climate-related risks and opportunities"": false,', '        ""Transparency in Strategy Testing and Outcomes"": false,', '        ""Strategic Resilience Testing vs. Impact Assessment"": false,', '        ""Preliminary or pilot scenario analysis"": false,', '        ""Comprehensive coverage of business areas and portfolio-specific risks"": false,', '        ""Exclusion of customer-specific transition plans"": false,', '        ""Progression from Qualitative to Quantitative Analysis"": false,', '        ""Sector-Specific Analysis Without Organization-Wide Application"": false,', '        ""Collaborative Scenario Development and Operational Risk Application"": false']",Partial Aligned,Not Aligned
19,19,"['', '        ""The climate-related scenarios and associated time horizon(s) considered"": true,', '        ""The potential impact of climate-related issues on financial performance (e.g., revenues, costs) and financial position (e.g., assets, liabilities)"": true,', '        ""How their strategies might change to address such potential risks and opportunities"": false,', '        ""Where they believe their strategies may be affected by climate-related risks and opportunities"": false,', '        ""Transparency in Strategy Testing and Outcomes"": false,', '        ""Strategic Resilience Testing vs. Impact Assessment"": false,', '        ""Preliminary or pilot scenario analysis"": true,', '        ""Comprehensive coverage of business areas and portfolio-specific risks"": false,', '        ""Exclusion of customer-specific transition plans"": false,', '        ""Progression from Qualitative to Quantitative Analysis"": false,', '        ""Sector-Specific Analysis Without Organization-Wide Application"": false,', '        ""Collaborative Scenario Development and Operational Risk Application"": false']",Partial Aligned,Aligned
20,20,"['', '        ""The climate-related scenarios and associated time horizon(s) considered"": true,', '        ""The potential impact of climate-related issues on financial performance (e.g., revenues, costs) and financial position (e.g., assets, liabilities)"": false,', '        ""How their strategies might change to address such potential risks and opportunities"": false,', '        ""Where they believe their strategies may be affected by climate-related risks and opportunities"": false,', '        ""Transparency in Strategy Testing and Outcomes"": false,', '        ""Strategic Resilience Testing vs. Impact Assessment"": false,', '        ""Preliminary or pilot scenario analysis"": false,', '        ""Comprehensive coverage of business areas and portfolio-specific risks"": false,', '        ""Exclusion of customer-specific transition plans"": false,', '        ""Progression from Qualitative to Quantitative Analysis"": false,', '        ""Sector-Specific Analysis Without Organization-Wide Application"": false,', '        ""Collaborative Scenario Development and Operational Risk Application"": false']",Unclear,Not Aligned
